3.026175023238712458e-01
2.925133472991868766e-01
2.851826662949484836e-01
2.785228781940509157e-01
2.710222593075122810e-01
2.633340217278976603e-01
2.587182861061478323e-01
2.531567822824283831e-01
2.485000481694110419e-01
2.419267332065454801e-01
2.044899461029687782e-01
1.794797171126634727e-01
1.615583118485270087e-01
1.487232556308556719e-01
1.375094894773413734e-01
1.291426916260608460e-01
1.225257988383870594e-01
1.160779097074424726e-01
1.112543454655297720e-01
8.090850753740007339e-02
6.656833573768740353e-02
5.798294226454955846e-02
5.191969910722339654e-02
4.766186385032698120e-02
4.401044624346504841e-02
4.127424320738224545e-02
3.888243368578861436e-02
3.698899920678062198e-02
2.626716387018149940e-02
2.142967024815568139e-02
1.863153177081843664e-02
1.661849045044520162e-02
1.515783080921518332e-02
1.400867546769226160e-02
1.312984148363724977e-02
1.235514909127374307e-02
1.175156652683543787e-02
8.302669947240571072e-03
6.795179196569347754e-03
5.900446451702707519e-03
5.271911638742646233e-03
4.795855290646207532e-03
4.456852891095007541e-03
4.157351319785222710e-03
3.929284285282775603e-03
