3.304501531870311037e+00
3.418647419795123543e+00
3.506524477773680371e+00
3.590369331539384312e+00
3.689733834243339672e+00
3.797458427279469806e+00
3.865208041729669031e+00
3.950121308163782707e+00
4.024144089172431826e+00
4.133482838981039187e+00
4.890215969329173795e+00
5.571660219256292734e+00
6.189715580449830057e+00
6.723897992672300816e+00
7.272225384596302078e+00
7.743372756203272367e+00
8.161546461892580595e+00
8.614903580882485201e+00
8.988412954259235477e+00
1.235963967741894898e+01
1.502215714000273294e+01
1.724645147252891775e+01
1.926051223707638371e+01
2.098113500429420597e+01
2.272187822109361832e+01
2.422818499603989295e+01
2.571855476128533269e+01
2.703506505838864271e+01
3.807034535369844974e+01
4.666427380449606943e+01
5.367245228684020475e+01
6.017393715644073637e+01
6.597250045778656613e+01
7.138433624979509773e+01
7.616238179617218407e+01
8.093791443652307294e+01
8.509503798633461713e+01
1.204431835005502620e+02
1.471631536229192534e+02
1.694787010076885565e+02
1.896845145603579397e+02
2.085133806998703392e+02
2.243735713148722084e+02
2.405377662553815981e+02
2.544992745232313780e+02
