5.730521037983889220e-08
6.288566026793873821e-08
6.872534966483859259e-08
7.482427857014365859e-08
8.118244698426960439e-08
8.779985490657838919e-08
9.467650233760928180e-08
1.018123892769126136e-07
1.092075157249720404e-07
1.168618816818579057e-07
2.076637142163709870e-07
3.243894976037818502e-07
4.670392318441069728e-07
6.356129169382552739e-07
8.301105528845286114e-07
1.050532139682952449e-06
1.296877677334734550e-06
1.569147165842053060e-06
1.867340605199987353e-06
6.275092295706416125e-06
1.327523907151209784e-05
2.286778093260540294e-05
3.505271787898398261e-05
4.983004991068193330e-05
6.719977702765557524e-05
8.716189923001256968e-05
1.097164165175103738e-04
1.348633288903632261e-04
5.289141823112942196e-04
1.182204544263980089e-03
2.094734414747335873e-03
3.266503793759797502e-03
4.697512681289920354e-03
6.387761077358093502e-03
8.337248981975950435e-03
1.054597639509044678e-02
1.301394331676428671e-02
5.195178550266641576e-02
1.168135785411708871e-01
2.075993224330017206e-01
3.243090171781630726e-01
4.669426627754346693e-01
6.355002592260003969e-01
8.299818065292915437e-01
1.050387304687139700e+00
