9.999999999999999395e-12
1.999999999999999879e-11
2.999999999999999980e-11
3.999999999999999758e-11
5.000000000000000182e-11
5.999999999999999960e-11
7.000000000000000384e-11
7.999999999999999516e-11
8.999999999999999940e-11
1.000000000000000036e-10
2.000000000000000073e-10
2.999999999999999980e-10
4.000000000000000146e-10
5.000000000000000311e-10
5.999999999999999960e-10
6.999999999999999609e-10
8.000000000000000291e-10
8.999999999999999940e-10
1.000000000000000062e-09
2.000000000000000125e-09
2.999999999999999980e-09
4.000000000000000249e-09
5.000000000000000105e-09
5.999999999999999960e-09
6.999999999999999816e-09
8.000000000000000498e-09
8.999999999999999527e-09
1.000000000000000021e-08
2.000000000000000042e-08
2.999999999999999732e-08
4.000000000000000084e-08
4.999999999999999774e-08
5.999999999999999464e-08
7.000000000000000477e-08
8.000000000000000167e-08
8.999999999999999857e-08
9.999999999999999547e-08
1.999999999999999909e-07
2.999999999999999864e-07
3.999999999999999819e-07
4.999999999999999774e-07
5.999999999999999728e-07
6.999999999999999683e-07
7.999999999999999638e-07
8.999999999999999593e-07
