1.003868690288156122e+08
2.003310862153843343e+08
3.006637074742272496e+08
3.975509327356043458e+08
4.971623486967877150e+08
6.040207494067217112e+08
6.933124555871356726e+08
8.004634209968111515e+08
8.978034812378329039e+08
9.945918836937451363e+08
1.985948951390929461e+09
3.014436268561399460e+09
3.974260670577455997e+09
5.014064733977870941e+09
6.025579536844725609e+09
7.026147771045562744e+09
8.049773799787513733e+09
8.971019937412637711e+09
9.992547647671871185e+09
1.993881438130017471e+10
2.995882606021020508e+10
3.998178620151581573e+10
5.014541391099918365e+10
6.041293345254393005e+10
7.030427905833290100e+10
8.040367068271450806e+10
8.953712935287548828e+10
9.996165016834861755e+10
1.986894562056029358e+11
2.967043164359978027e+11
3.986333266188521729e+11
4.979578640202250977e+11
5.958709606282291260e+11
7.026965980029100342e+11
7.986793659688186035e+11
8.966773889219747314e+11
9.984059287763433838e+11
2.011414989197486816e+12
3.005813429515038574e+12
3.961018216677526855e+12
4.994877887064977539e+12
5.980474540944434570e+12
6.971760271257155273e+12
7.995395677151333984e+12
9.024766102291300781e+12
