9.157735271273823030e-02
8.556405834817469580e-02
8.132915315509595122e-02
7.757499367749813579e-02
7.345306504014843807e-02
6.934480699938888604e-02
6.693515156570258029e-02
6.408835641559285090e-02
6.175227394019959515e-02
5.852854423999102884e-02
4.181613805719507776e-02
3.221296885484170591e-02
2.610108812734590264e-02
2.211860676544084511e-02
1.890885969631905458e-02
1.667783480042384428e-02
1.501257138098489007e-02
1.347408112204916998e-02
1.237752938496344303e-02
6.546186591929523471e-03
4.431343322885470011e-03
3.362021593654088321e-03
2.695655155384614390e-03
2.271653265687105776e-03
1.936919378548926851e-03
1.703563152342139507e-03
1.511843649329749385e-03
1.368186062319217463e-03
6.899638977829682281e-04
4.592307669446887798e-04
3.471339761270168475e-04
2.761742248515383375e-04
2.297598348407930199e-04
1.962429883591229878e-04
1.723927373854415785e-04
1.526497090676024121e-04
1.380993158346391293e-04
6.893432825281174681e-05
4.617446031348884574e-05
3.481526832941107016e-05
2.779305232671017443e-05
2.300022796881922004e-05
1.986353769286192420e-05
1.728356999611992801e-05
1.543927499457017118e-05
