4.959594267438846238e+00
2.513008842075913574e+00
1.696942089618843186e+00
1.291555551998179174e+00
1.052357529404339243e+00
8.857074743735942057e-01
7.692163129431305313e-01
6.790385377966132729e-01
6.128619292395239837e-01
5.605448608967594781e-01
3.121746457329934721e-01
2.268188781686220346e-01
1.843093796627685577e-01
1.565303366841638844e-01
1.382692694206485440e-01
1.254315875581339945e-01
1.148478319982824541e-01
1.063216187038362737e-01
1.000721873146047797e-01
6.635392024449374149e-02
5.298833346931559884e-02
4.520944600176444311e-02
4.007300394551455147e-02
3.647494286468411923e-02
3.361823965018489319e-02
3.145719013468523811e-02
2.971401221880987445e-02
2.796995501094905537e-02
1.961605457365061048e-02
1.603635785216447202e-02
1.384148944881996059e-02
1.236169891634952833e-02
1.132585099685259021e-02
1.044783237043525603e-02
9.770967210162836980e-03
9.200289935555867535e-03
8.742911042586429954e-03
6.179609365487982731e-03
5.045570203955693570e-03
4.370853098869059705e-03
3.889929339716166092e-03
3.568012742084066252e-03
3.298246841040799841e-03
3.083601137535605784e-03
2.912847780411995102e-03
2.765132787867272297e-03
1.947854789127568360e-03
1.587786546609661932e-03
1.381272691950143463e-03
1.238061008364867328e-03
1.127963335813201087e-03
1.043350397000154719e-03
9.770895243213268029e-04
9.193090776492755627e-04
