1.376016057385917923e+00
6.865398477121467113e-01
4.578989806702127852e-01
3.437687784765431909e-01
2.737264888575726696e-01
2.298603723491055295e-01
1.973713232610976587e-01
1.723439860390633960e-01
1.522065575668916648e-01
1.376281307145227062e-01
6.875041049120972358e-02
4.550427014014519350e-02
3.426661676775152876e-02
2.743757897816168079e-02
2.272928857396595489e-02
1.963038748718892029e-02
1.713286079853414481e-02
1.517397977988774703e-02
1.378445486804999107e-02
6.875842099323705575e-03
4.572255128783698011e-03
3.457784904373495567e-03
2.757810160084362729e-03
2.277281019595926801e-03
1.947967188252175668e-03
1.710008559434374967e-03
1.526580695288421710e-03
1.371356697614761538e-03
6.888251700727855047e-04
4.588114792604434467e-04
3.431678751991767105e-04
2.750169411047370519e-04
2.300293473164556548e-04
1.974679986330925047e-04
1.721030860557464610e-04
1.531790046544159365e-04
1.371400614784957746e-04
6.872763860447338700e-05
4.566882878528445087e-05
3.421153839484952438e-05
2.742677522857979412e-05
2.284332734751789849e-05
1.950704189261239009e-05
1.719252415235633880e-05
1.513649731929864599e-05
