1.349490817945686150e+00
2.010842386007610116e+00
5.270335406126505973e+00
4.578704843516190337e+00
5.222479472422305591e+00
8.372579533952750452e+00
1.393953427895998409e+01
5.387644270177492700e+00
1.004537051335404563e+01
1.353691667570281254e+01
7.091245643423644651e+01
1.411231443892752146e+01
2.639027132005320908e+01
5.691043303974724665e+01
7.264949111542279070e+01
1.002848054981080423e+02
1.029431978314320020e+02
5.186689890032222650e+01
6.838191755987821807e+01
3.812302269654354063e+02
2.327148628626783591e+02
3.482412175114279762e+02
4.059670125943254675e+02
3.208759152068311096e+02
5.158556073570182434e+02
5.883550651997051091e+02
8.901616559068795596e+02
9.943020446090429232e+02
5.372046162707592885e+03
2.034255219465200526e+03
6.711523182539757727e+03
3.861768290404003437e+03
6.748798583900114863e+03
6.546647932924929592e+03
1.113679139970371216e+04
9.698883572518887377e+03
7.300565895075877961e+03
2.276993185605504550e+04
2.464582673373779835e+04
2.313660826283712959e+04
4.690018423586705467e+04
9.146026817848307837e+04
1.013835854355443007e+05
2.305140694591491410e+04
4.683898075140969740e+04
8.352829140832136909e+04
2.211315399916375172e+05
3.201479977625149186e+05
4.602272147359053488e+05
2.990746900800387957e+05
8.052515782800875604e+05
6.257821828423716361e+05
5.545228410676370841e+05
8.232444382460071938e+05
