4.614269732419365027e+03
1.140439383817785483e+03
5.130412594438225824e+02
2.866355598718790816e+02
1.832444853491550987e+02
1.276229197780135678e+02
9.413831280749953123e+01
7.151626517862237620e+01
5.684541630176245519e+01
4.592536448189592591e+01
1.155149896295563394e+01
5.122731005010951577e+00
2.858236855744184624e+00
1.845460115163660264e+00
1.287660855889785294e+00
9.351356047779996183e-01
7.179488734072396738e-01
5.706410601894991164e-01
4.623923420279402174e-01
1.156586165863637827e-01
5.199801711987334790e-02
2.932374561859622114e-02
1.892950058741521904e-02
1.309973996359666687e-02
9.770121932309798474e-03
7.541690647262466046e-03
5.956540947887406338e-03
4.858339903559449197e-03
1.266699215503672019e-03
5.869080343397786595e-04
3.439337150137528379e-04
2.317996034208091502e-04
1.665566062351749846e-04
1.275573153667539095e-04
1.003977400232646395e-04
8.248540013135265993e-05
6.907356129191560953e-05
2.306035360934413685e-05
1.279554023207166997e-05
8.593085171572601512e-06
6.462597948995214096e-06
5.077721879400636376e-06
4.242172523550604637e-06
3.593879445601713455e-06
3.130586772576324625e-06
