4.686727420044267660e+02
2.329722853594169862e+02
1.558234052787459802e+02
1.171293496543911345e+02
9.454903576496300843e+01
7.851499858374553753e+01
6.789316196464392306e+01
5.945381433393831117e+01
5.273863940199587574e+01
4.751526085418900891e+01
4.341846862308369026e+01
3.955075018824044264e+01
3.690471802972243154e+01
3.391285655664663068e+01
3.219023143505008022e+01
3.024018685430554143e+01
2.857603800657911108e+01
2.703094790391588731e+01
2.562925588661039455e+01
2.426562627217721513e+01
2.300586625230375759e+01
2.223404785330001943e+01
2.128026237378876573e+01
2.048852914628293931e+01
1.962567159109942949e+01
1.885764355345731147e+01
1.832504632334571326e+01
1.762907089686077811e+01
1.711777188552702000e+01
1.661271567193007215e+01
1.625305763405770065e+01
1.553919658963429384e+01
1.513676631018596019e+01
1.467842366842068458e+01
1.431856673815237357e+01
1.387895813518905186e+01
1.357938052221453695e+01
1.319682699502423340e+01
1.298749133513823928e+01
1.262478427257470592e+01
1.230305399592199933e+01
1.203600073010869842e+01
1.183942060602993962e+01
1.163539167837849320e+01
1.127754524849756557e+01
1.126378052972214938e+01
1.096089350971799092e+01
1.074607501467269444e+01
1.044088980298523950e+01
1.027696446737785330e+01
1.009509172556897738e+01
9.953084964031345905e+00
9.824696947191405627e+00
9.686032568617033434e+00
9.507618498727108403e+00
9.232477552116510111e+00
9.111441937055722917e+00
9.066272527784278168e+00
8.874415195470467310e+00
8.732917604884539386e+00
8.626608297155460292e+00
8.548747576157243344e+00
8.453029189673250343e+00
8.286693689417202080e+00
8.258111845199652024e+00
8.037931765045614796e+00
7.957710800812853869e+00
7.847384987091566622e+00
7.746098037274277814e+00
7.630059507397551677e+00
7.565058093082622115e+00
7.460912694163610581e+00
7.328254650973539341e+00
7.334008089018316134e+00
7.176322407147178950e+00
7.165112896152463939e+00
7.048211348234032059e+00
6.965294185003249261e+00
6.975157217560292722e+00
6.870365410862540045e+00
6.716284363677885061e+00
6.668887906605966087e+00
6.608939057626695757e+00
6.537798368960571871e+00
6.483180986352113706e+00
6.418020115855735952e+00
6.375930943454999777e+00
6.313286783272206826e+00
6.289941025537435948e+00
6.223793165808502614e+00
6.113148705460049293e+00
6.068912541820530748e+00
6.032628357954111564e+00
5.960291449445048961e+00
5.904402909753827089e+00
5.881576684537556332e+00
5.744098864709508589e+00
5.757553936781243387e+00
5.693258771701669829e+00
5.646120340572132079e+00
