1.091973037413323233e+01
1.168715018087185697e+01
1.229571391322598117e+01
1.289075193685856391e+01
1.361413576756005739e+01
1.442069050691586263e+01
1.493983320585170382e+01
1.560345834920955532e+01
1.619373565042142360e+01
1.708568038015075174e+01
2.391421222668207136e+01
3.104339759884308236e+01
3.831257896686337716e+01
4.521080421586260201e+01
5.288526204436683997e+01
5.995982164151106275e+01
6.661084064963131368e+01
7.421656370790185520e+01
8.079156743629523874e+01
1.527606929556287980e+02
2.256652051389351072e+02
2.974400883942948326e+02
3.709673316345690637e+02
4.402080260684195991e+02
5.162837498942085404e+02
5.870049482023325709e+02
6.614440590092324328e+02
7.308947427113065487e+02
1.449351195349869158e+03
2.177554449700978239e+03
2.880732134483138452e+03
3.620902712907278783e+03
4.352370816652648500e+03
5.095723461823810794e+03
5.800708400865900330e+03
6.550945993333929437e+03
7.241165489895731298e+03
1.450656045174722203e+04
2.165699378424293536e+04
2.872303009525349626e+04
3.598021506399864302e+04
4.347782993088906369e+04
5.034349950459004322e+04
5.785841699512859486e+04
6.476988073285108112e+04
