1.000000000000000000e+05
2.000000000000000000e+05
3.000000000000000000e+05
4.000000000000000000e+05
5.000000000000000000e+05
6.000000000000000000e+05
7.000000000000000000e+05
8.000000000000000000e+05
9.000000000000000000e+05
1.000000000000000000e+06
1.100000000000000000e+06
1.200000000000000000e+06
1.300000000000000000e+06
1.400000000000000000e+06
1.500000000000000000e+06
1.600000000000000000e+06
1.700000000000000000e+06
1.800000000000000000e+06
1.900000000000000000e+06
2.000000000000000000e+06
2.100000000000000000e+06
2.200000000000000000e+06
2.300000000000000000e+06
2.400000000000000000e+06
2.500000000000000000e+06
2.600000000000000000e+06
2.700000000000000000e+06
2.800000000000000000e+06
2.900000000000000000e+06
3.000000000000000000e+06
3.100000000000000000e+06
3.200000000000000000e+06
3.300000000000000000e+06
3.400000000000000000e+06
3.500000000000000000e+06
3.600000000000000000e+06
3.700000000000000000e+06
3.800000000000000000e+06
3.900000000000000000e+06
4.000000000000000000e+06
4.100000000000000000e+06
4.200000000000000000e+06
4.300000000000000000e+06
4.400000000000000000e+06
4.500000000000000000e+06
4.600000000000000000e+06
4.700000000000000000e+06
4.800000000000000000e+06
4.900000000000000000e+06
5.000000000000000000e+06
5.100000000000000000e+06
5.200000000000000000e+06
5.300000000000000000e+06
5.400000000000000000e+06
5.500000000000000000e+06
5.600000000000000000e+06
5.700000000000000000e+06
5.800000000000000000e+06
5.900000000000000000e+06
6.000000000000000000e+06
6.100000000000000000e+06
6.200000000000000000e+06
6.300000000000000000e+06
6.400000000000000000e+06
6.500000000000000000e+06
6.600000000000000000e+06
6.700000000000000000e+06
6.800000000000000000e+06
6.900000000000000000e+06
7.000000000000000000e+06
7.100000000000000000e+06
7.200000000000000000e+06
7.300000000000000000e+06
7.400000000000000000e+06
7.500000000000000000e+06
7.600000000000000000e+06
7.700000000000000000e+06
7.800000000000000000e+06
7.900000000000000000e+06
8.000000000000000000e+06
8.100000000000000000e+06
8.200000000000000000e+06
8.300000000000000000e+06
8.400000000000000000e+06
8.500000000000000000e+06
8.600000000000000000e+06
8.700000000000000000e+06
8.800000000000000000e+06
8.900000000000000000e+06
9.000000000000000000e+06
9.100000000000000000e+06
9.200000000000000000e+06
9.300000000000000000e+06
9.400000000000000000e+06
9.500000000000000000e+06
9.600000000000000000e+06
9.700000000000000000e+06
9.800000000000000000e+06
9.900000000000000000e+06
1.000000000000000000e+07
