1.000000000000000021e-03
2.000000000000000042e-03
3.000000000000000062e-03
4.000000000000000083e-03
5.000000000000000104e-03
6.000000000000000125e-03
7.000000000000000146e-03
8.000000000000000167e-03
9.000000000000001055e-03
1.000000000000000021e-02
2.000000000000000042e-02
2.999999999999999889e-02
4.000000000000000083e-02
5.000000000000000278e-02
5.999999999999999778e-02
7.000000000000000666e-02
8.000000000000000167e-02
8.999999999999999667e-02
1.000000000000000056e-01
2.000000000000000111e-01
3.000000000000000444e-01
4.000000000000000222e-01
5.000000000000000000e-01
6.000000000000000888e-01
7.000000000000000666e-01
8.000000000000000444e-01
9.000000000000000222e-01
1.000000000000000000e+00
2.000000000000000000e+00
3.000000000000000000e+00
4.000000000000000000e+00
5.000000000000000000e+00
6.000000000000000000e+00
7.000000000000000000e+00
8.000000000000000000e+00
9.000000000000000000e+00
1.000000000000000000e+01
2.000000000000000000e+01
3.000000000000000000e+01
4.000000000000000000e+01
5.000000000000000000e+01
6.000000000000000000e+01
7.000000000000000000e+01
8.000000000000000000e+01
9.000000000000000000e+01
