0.000000000000000000e+00
9.800170498910026625e+06
1.960034099782005325e+07
2.940051149673007801e+07
3.920068199564010650e+07
4.900085249455013126e+07
5.880102299346015602e+07
6.860119349237017334e+07
7.840136399128021300e+07
8.820153449019023776e+07
9.800170498910026252e+07
1.078018754880102724e+08
1.176020459869203120e+08
1.274022164858303368e+08
1.372023869847403467e+08
1.470025574836503863e+08
1.568027279825604260e+08
1.666028984814704359e+08
1.764030689803804755e+08
1.862032394792904854e+08
1.960034099782005250e+08
2.058035804771105647e+08
2.156037509760205448e+08
2.254039214749305844e+08
2.352040919738406241e+08
2.450042624727506638e+08
2.548044329716606736e+08
2.646046034705706835e+08
2.744047739694806933e+08
2.842049444683907628e+08
2.940051149673007727e+08
3.038052854662107825e+08
3.136054559651208520e+08
3.234056264640308619e+08
3.332057969629408717e+08
3.430059674618509412e+08
3.528061379607609510e+08
3.626063084596709013e+08
3.724064789585809708e+08
3.822066494574909806e+08
3.920068199564010501e+08
4.018069904553110600e+08
4.116071609542211294e+08
4.214073314531311393e+08
4.312075019520410895e+08
4.410076724509511590e+08
4.508078429498611689e+08
4.606080134487711787e+08
4.704081839476812482e+08
4.802083544465912580e+08
